path: [0, 132, 2, 135, 130, 128, 74, 129, 64, 66, 61, 62, 108, 95, 39, 89, 10, 11, 12, 13, 14, 15, 16, 17, 18, 77, 104, 91, 82, 117, 73, 102, 0, 63, 134, 65, 98, 109, 110, 6, 80, 133, 67, 47, 19, 20, 21, 22, 23, 24, 25, 26, 27, 28, 29, 30, 31, 32, 0, 124, 70, 72, 114, 115, 116, 84, 81, 92, 96, 3, 120, 8, 68, 137, 126, 79, 142, 87, 131, 143, 71, 107, 57, 0, 111, 56, 33, 34, 35, 36, 43, 37, 38, 40, 55, 49, 54, 41, 42, 44, 45, 46, 50, 48, 51, 52, 53, 0, 93, 94, 83, 9, 1, 78, 58, 59, 60, 69, 119, 122, 88, 85, 118, 123, 127, 97, 86, 136, 99, 105, 4, 101, 90, 0, 121, 7, 76, 125, 113, 5, 75, 100, 106, 103, 138, 139, 141, 140, 112, 0]
distance: 279.93176256626634
vehicle_num: 6
costs: 2801.327068860454
travel time: 381.80982252606344
travel_time from func: 2781.931762566267[]