path: [0, 35, 38, 43, 15, 57, 65, 67, 69, 62, 81, 80, 53, 90, 104, 7, 102, 96, 29, 8, 0, 5, 50, 55, 56, 61, 68, 77, 20, 22, 92, 91, 47, 76, 75, 95, 106, 107, 26, 0, 4, 33, 36, 37, 58, 28, 12, 9, 10, 72, 74, 42, 98, 14, 18, 73, 2, 17, 93, 0, 31, 1, 48, 66, 34, 39, 60, 88, 71, 79, 105, 97, 0, 6, 25, 32, 63, 64, 24, 54, 84, 82, 86, 100, 51, 52, 0, 44, 40, 45, 49, 30, 11, 13, 27, 70, 83, 3, 99, 103, 59, 89, 0, 16, 19, 41, 21, 23, 46, 85, 78, 101, 94, 87, 0]
distance: 701.0873416404769
vehicle_num: 7
costs: 3275.0
travel time: 427.56920358507864
travel_time from func: 3276.0873416404784[]