path: [0, 24, 50, 36, 37, 56, 66, 34, 68, 62, 81, 80, 53, 47, 104, 49, 54, 71, 16, 0, 35, 38, 43, 15, 57, 31, 42, 29, 61, 77, 20, 22, 48, 14, 18, 73, 2, 102, 26, 96, 27, 83, 70, 0, 45, 41, 64, 44, 32, 82, 85, 84, 87, 86, 101, 105, 90, 11, 12, 30, 0, 5, 4, 33, 1, 58, 28, 65, 67, 69, 8, 17, 72, 74, 52, 60, 97, 88, 0, 6, 25, 55, 40, 63, 46, 23, 21, 92, 91, 76, 75, 95, 99, 7, 3, 107, 106, 0, 13, 9, 10, 51, 39, 79, 93, 98, 19, 94, 100, 103, 0, 78, 59, 89, 0]
distance: 359.80023133586036
vehicle_num: 7
costs: 3273.8916666666664
travel time: 2932.8002313358593
[]