path: [0, 35, 38, 43, 15, 57, 65, 67, 69, 62, 81, 80, 53, 90, 104, 7, 102, 26, 107, 8, 0, 5, 50, 55, 56, 61, 44, 32, 84, 87, 82, 86, 100, 71, 79, 30, 0, 4, 6, 25, 16, 66, 34, 64, 24, 39, 88, 60, 52, 105, 97, 0, 33, 36, 37, 58, 28, 42, 29, 48, 14, 18, 73, 2, 17, 96, 98, 93, 103, 72, 74, 0, 31, 1, 63, 68, 78, 85, 89, 101, 94, 19, 59, 0, 9, 13, 10, 3, 27, 70, 77, 20, 22, 47, 91, 92, 76, 75, 95, 106, 99, 83, 0, 12, 11, 49, 54, 40, 41, 45, 23, 46, 21, 51, 0]
distance: 570.4923446496094
vehicle_num: 7
costs: 3272.409937766046
travel time: 3145.4923446496105
[]