path: [[0, 5, 4, 6, 43, 15, 57, 8, 17, 72, 74, 52, 88, 60, 71, 79, 105, 25, 0], [0, 9, 10, 11, 12, 13, 53, 51, 39, 24, 89, 30, 54, 49, 0], [0, 16, 19, 38, 18, 14, 73, 2, 48, 42, 29, 3, 27, 70, 7, 26, 99, 104, 102, 96, 107, 28, 0], [0, 44, 32, 34, 46, 45, 41, 23, 40, 21, 20, 22, 95, 75, 76, 0], [0, 35, 31, 37, 58, 77, 47, 80, 81, 83, 90, 59, 97, 103, 93, 0], [0, 36, 33, 1, 67, 69, 65, 62, 78, 82, 86, 100, 101, 87, 0], [0, 50, 55, 56, 61, 64, 84, 85, 94, 98, 106, 0], [0, 63, 66, 68, 91, 92, 0]]
distance: 387.2571016763569
vehicle_num: 8
costs: 3742.770167120044
travel time: 3189.5170896792665
[]