path: [[0, 87, 80, 27, 83, 116, 26, 88, 62, 71, 101, 25, 0], [0, 43, 56, 77, 24, 75, 76, 23, 105, 110, 29, 78, 103, 134, 113, 136, 28, 0], [0, 117, 59, 106, 124, 109, 44, 0], [0, 61, 48, 40, 53, 50, 63, 64, 42, 46, 129, 72, 130, 0], [0, 89, 115, 86, 39, 127, 58, 122, 74, 51, 0], [0, 49, 45, 31, 73, 41, 94, 90, 95, 112, 1, 111, 93, 114, 0], [0, 123, 128, 104, 135, 137, 0], [0, 102, 67, 2, 3, 4, 5, 6, 7, 8, 9, 10, 0], [0, 107, 92, 96, 82, 11, 12, 13, 14, 15, 16, 17, 18, 0], [0, 79, 19, 20, 85, 66, 52, 54, 81, 118, 121, 120, 125, 133, 119, 132, 0], [0, 68, 70, 22, 69, 30, 38, 34, 108, 100, 98, 60, 131, 126, 0], [0, 84, 99, 97, 0], [0, 65, 21, 47, 36, 91, 0], [0, 55, 57, 35, 0], [0, 32, 0], [0, 33, 0], [0, 37, 0]]
distance: 529.0021029003458
vehicle_num: 17
costs: 7693.308207436368
travel time: 5641.946573282328
[]