path: [0, 35, 38, 43, 15, 31, 34, 44, 32, 40, 45, 41, 46, 24, 39, 0, 1, 33, 36, 37, 28, 26, 7, 47, 22, 20, 21, 23, 30, 9, 12, 13, 11, 10, 27, 3, 5, 4, 0, 25, 16, 19, 14, 18, 2, 48, 42, 29, 17, 8, 6, 0]
distance: 144.11916571424726
vehicle_num: 3
costs: 1387.0105345714223
travel time: 1184.1191657142472
[]