path: [0, 43, 15, 38, 48, 31, 42, 29, 34, 44, 32, 46, 40, 45, 23, 24, 39, 0, 5, 4, 33, 36, 37, 28, 26, 7, 22, 20, 47, 21, 41, 30, 10, 12, 13, 9, 11, 27, 3, 0, 35, 1, 2, 14, 18, 8, 17, 6, 25, 19, 16, 0]
distance: 146.43331666315896
vehicle_num: 3
costs: 1387.3769418050001
travel time: 1187.4333166631588
[]