path: [0, 49, 65, 48, 40, 84, 85, 66, 79, 94, 80, 116, 26, 125, 134, 135, 136, 0, 43, 27, 70, 69, 22, 47, 91, 97, 105, 52, 82, 86, 39, 53, 50, 0, 56, 41, 73, 77, 83, 54, 74, 117, 71, 101, 25, 87, 0, 32, 55, 36, 45, 96, 115, 98, 60, 127, 63, 58, 0, 21, 51, 35, 38, 34, 99, 108, 118, 120, 122, 8, 95, 24, 75, 0, 59, 61, 62, 31, 1, 2, 3, 5, 112, 15, 111, 103, 113, 133, 114, 137, 121, 0, 44, 67, 4, 6, 7, 9, 10, 11, 12, 13, 14, 19, 16, 17, 18, 20, 90, 88, 109, 0, 37, 57, 30, 23, 76, 29, 68, 106, 89, 124, 128, 0, 33, 28, 78, 81, 93, 104, 119, 110, 123, 132, 0, 46, 42, 64, 72, 92, 107, 102, 100, 126, 131, 130, 129, 0]
distance: 1074.8020873419666
vehicle_num: 10
costs: 4670.206620484301
travel time: 4701.80208734197
[]