path: [0, 49, 55, 47, 70, 69, 22, 48, 40, 53, 64, 58, 82, 122, 125, 113, 134, 135, 111, 112, 0, 43, 62, 25, 24, 75, 91, 99, 108, 115, 86, 39, 42, 46, 129, 123, 0, 56, 27, 3, 73, 80, 77, 83, 79, 94, 117, 101, 116, 26, 88, 90, 95, 0, 44, 11, 12, 1, 6, 8, 84, 74, 96, 92, 107, 72, 89, 102, 109, 0, 32, 37, 57, 36, 35, 34, 97, 100, 98, 60, 127, 63, 50, 130, 0, 21, 65, 9, 5, 4, 2, 16, 17, 85, 66, 54, 52, 28, 93, 51, 114, 78, 23, 76, 128, 0, 45, 61, 67, 71, 106, 87, 124, 131, 126, 132, 59, 0, 7, 33, 30, 38, 105, 110, 81, 118, 120, 104, 133, 136, 20, 19, 0, 68, 31, 15, 13, 18, 41, 10, 14, 103, 119, 121, 29, 137, 0]
distance: 379.4351990259565
vehicle_num: 9
costs: 4242.673468102468
travel time: 4007.4351990259543
[]