path: [0, 49, 45, 61, 80, 77, 83, 85, 66, 52, 28, 104, 120, 114, 78, 23, 76, 128, 88, 0, 65, 21, 54, 74, 51, 84, 82, 96, 50, 64, 127, 63, 58, 46, 129, 107, 0, 43, 55, 47, 70, 69, 22, 91, 99, 105, 110, 29, 81, 121, 103, 133, 135, 136, 111, 112, 0, 56, 62, 41, 79, 73, 27, 97, 108, 100, 98, 60, 72, 53, 130, 92, 0, 19, 20, 10, 2, 3, 18, 6, 12, 95, 101, 15, 94, 116, 26, 31, 11, 8, 109, 0, 32, 37, 57, 36, 35, 38, 34, 30, 115, 40, 42, 89, 106, 0, 59, 33, 68, 75, 25, 24, 7, 4, 5, 14, 118, 119, 122, 125, 113, 134, 137, 1, 0, 44, 67, 17, 13, 9, 16, 93, 123, 132, 131, 126, 90, 0, 48, 39, 86, 87, 117, 102, 124, 71, 0]
distance: 406.3247304028817
vehicle_num: 9
costs: 4242.585894509693
travel time: 4035.324730402882
[]