path: [0, 49, 37, 57, 34, 70, 69, 22, 91, 97, 105, 23, 118, 120, 119, 51, 122, 113, 134, 135, 28, 0, 43, 55, 47, 77, 48, 40, 53, 50, 64, 63, 127, 130, 129, 72, 0, 56, 27, 25, 52, 1, 73, 80, 83, 79, 95, 116, 26, 86, 107, 39, 46, 100, 0, 32, 33, 35, 36, 30, 38, 99, 68, 117, 71, 125, 133, 114, 137, 121, 29, 0, 44, 62, 67, 61, 102, 106, 89, 101, 87, 0, 21, 65, 9, 11, 17, 19, 20, 16, 6, 94, 115, 98, 60, 42, 58, 92, 59, 0, 45, 2, 3, 13, 5, 4, 14, 7, 8, 112, 111, 54, 74, 78, 126, 131, 108, 132, 0, 31, 10, 15, 12, 18, 41, 66, 84, 82, 96, 109, 88, 90, 103, 110, 81, 93, 136, 128, 0, 24, 75, 76, 85, 104, 124, 123, 0]
distance: 406.23073623162236
vehicle_num: 9
costs: 4232.223468102468
travel time: 4034.9220721299353
[]